Country	HDI	Life expectancy	Schooling	mean years of school	GNI/cap	LogG/c
Norway	0.949	81.7	17.7	12.7	67614	4.8300366
Australia	0.939	82.5	20.4	13.2	42822	4.6316669
Switzerland	0.939	83.1	16	13.4	56364	4.7510018
Germany	0.926	81.1	17.1	13.2	45000	4.6532125
Denmark	0.925	80.4	19.2	12.7	44519	4.6485454
Singapore	0.925	83.2	15.4	11.6	78162	4.8929957
Netherlands	0.924	81.7	18.1	11.9	46326	4.6658248
Ireland	0.923	81.1	18.6	12.3	43798	4.6414543
Iceland	0.921	82.7	19	12.2	37065	4.568964
Canada	0.92	82.2	16.3	13.1	42582	4.6292261
United States	0.92	79.2	16.5	13.2	53245	4.7262788
"Hong Kong, China (SAR)"	0.917	84.2	15.7	11.6	54265	4.7345198
New Zealand	0.915	82	19.2	12.5	32870	4.5167997
Sweden	0.913	82.3	16.1	12.3	46251	4.6651211
Liechtenstein	0.912	80.2	14.6	12.4	75065	4.8754375
United Kingdom	0.909	80.8	16.3	13.3	37931	4.5789943
Japan	0.903	83.7	15.3	12.5	37268	4.5713361
Korea (Republic of)	0.901	82.1	16.6	12.2	34541	4.5383349
Israel	0.899	82.6	16	12.8	31215	4.4943633
Luxembourg	0.898	81.9	13.9	12	62471	4.7956785
France	0.897	82.4	16.3	11.6	38085	4.580754
Belgium	0.896	81	16.6	11.4	41243	4.6153502
Finland	0.895	81	17	11.2	38868	4.5895922
Austria	0.893	81.6	15.9	11.3	43609	4.6395761
Slovenia	0.89	80.6	17.3	12.1	28664	4.4573368
Italy	0.887	83.3	16.3	10.9	33573	4.5259902
Spain	0.884	82.8	17.7	9.8	32779	4.5155957
Czech Republic	0.878	78.8	16.8	12.3	28144	4.4493858
Greece	0.866	81.1	17.2	10.5	24808	4.3945918
Brunei Darussalam	0.865	79	14.9	9	72843	4.8623878
Estonia	0.865	77	16.5	12.5	26362	4.4209784
Andorra	0.858	81.5	13.5	10.3	47979	4.6810512
Cyprus	0.856	80.3	14.3	11.7	29459	4.469218
Malta	0.856	80.7	14.6	11.3	29500	4.469822
Qatar	0.856	78.3	13.4	9.8	129916	5.1136626
Poland	0.855	77.6	16.4	11.9	24117	4.3823233
Lithuania	0.848	73.5	16.5	12.7	26006	4.4150736
Chile	0.847	82	16.3	9.9	21665	4.3357587
Saudi Arabia	0.847	74.4	16.1	9.6	51320	4.7102866
Slovakia	0.845	76.4	15	12.2	26764	4.427551
Portugal	0.843	81.2	16.6	8.9	26104	4.4167071
United Arab Emirates	0.84	77.1	13.3	9.5	66203	4.8208777
Hungary	0.836	75.3	15.6	12	23394	4.3691045
Latvia	0.83	74.3	16	11.7	22589	4.353897
Argentina	0.827	76.5	17.3	9.9	20945	4.3210804
Croatia	0.827	77.5	15.3	11.2	20291	4.3073035
Bahrain	0.824	76.7	14.5	9.4	37236	4.570963
Montenegro	0.807	76.4	15.1	11.3	15410	4.1878026
Russian Federation	0.804	70.3	15	12	23286	4.3670949
Romania	0.802	74.8	14.7	10.8	19428	4.2884281
Kuwait	0.8	74.5	13.3	7.3	76075	4.881242
Belarus	0.796	71.5	15.7	12	15629	4.1939312
Oman	0.796	77	13.7	8.1	34402	4.5365837
Barbados	0.795	75.8	15.3	10.5	14952	4.1746993
Uruguay	0.795	77.4	15.5	8.6	19148	4.2821234
Bulgaria	0.794	74.3	15	10.8	16261	4.2111472
Kazakhstan	0.794	69.6	15	11.7	22093	4.3442547
Bahamas	0.792	75.6	12.7	10.9	21565	4.3337495
Malaysia	0.789	74.9	13.1	10.1	24620	4.391288
Palau	0.788	72.9	14.3	12.3	13771	4.1389655
Panama	0.788	77.8	13	9.9	19470	4.289366
Antigua and Barbuda	0.786	76.2	13.9	9.2	20907	4.3202917
Seychelles	0.782	73.3	14.1	9.4	23886	4.3781434
Mauritius	0.781	74.6	15.2	9.1	17948	4.2540161
Trinidad and Tobago	0.78	70.5	12.7	10.9	28049	4.4479174
Costa Rica	0.776	79.6	14.2	8.7	14006	4.1463141
Serbia	0.776	75	14.4	10.8	12202	4.086431
Cuba	0.775	79.6	13.9	11.8	7455	3.8724476
Iran (Islamic Republic of)	0.774	75.6	14.8	8.8	16395	4.2147114
Georgia	0.769	75	13.9	12.2	8856	3.9472376
Turkey	0.767	75.5	14.6	7.9	18705	4.2719577
Venezuela (Bolivarian Republic of)	0.767	74.4	14.3	9.4	15129	4.1798102
Sri Lanka	0.766	75	14	10.9	10789	4.0329812
Saint Kitts and Nevis	0.765	74	13.7	8.4	22436	4.3509454
Albania	0.764	78	14.2	9.6	10252	4.0108086
Lebanon	0.763	79.5	13.3	8.6	13312	4.1242433
Mexico	0.762	77	13.3	8.6	16383	4.2143934
Azerbaijan	0.759	70.9	12.7	11.2	16413	4.215188
Brazil	0.754	74.7	15.2	7.8	14145	4.150603
Grenada	0.754	73.6	15.8	8.6	11502	4.0607734
Bosnia and Herzegovina	0.75	76.6	14.2	9	10091	4.0039342
The former Yugoslav Republic of Macedonia	0.748	75.5	12.9	9.4	12405	4.0935968
Algeria	0.745	75	14.4	7.8	13533	4.1313941
Armenia	0.743	74.9	12.7	11.3	8189	3.9132309
Ukraine	0.743	71.1	15.3	11.3	7361	3.8669368
Jordan	0.741	74.2	13.1	10.1	10111	4.0047941
Peru	0.74	74.8	13.4	9	11295	4.0528862
Thailand	0.74	74.6	13.6	7.9	14519	4.1619367
Ecuador	0.739	76.1	14	8.3	10536	4.0226758
China	0.738	76	13.5	7.6	13345	4.1253186
Fiji	0.736	70.2	15.3	10.5	8245	3.9161907
Mongolia	0.735	69.8	14.8	9.8	10449	4.0190747
Saint Lucia	0.735	75.2	13.1	9.3	9791	3.9908271
Jamaica	0.73	75.8	12.8	9.6	8350	3.9216865
Colombia	0.727	74.2	13.6	7.6	12762	4.1059187
Dominica	0.726	77.9	12.8	7.9	10096	4.0041493
Suriname	0.725	71.3	12.7	8.3	16018	4.2046083
Tunisia	0.725	75	14.6	7.1	10249	4.0106815
Dominican Republic	0.722	73.7	13.2	7.7	12756	4.1057145
Saint Vincent and the Grenadines	0.722	73	13.3	8.6	10372	4.0158625
Tonga	0.721	73	14.3	11.1	5284	3.7229628
Libya	0.716	71.8	13.4	7.3	14303	4.1554271
Belize	0.706	70.1	12.8	10.5	7375	3.867762
Samoa	0.704	73.7	12.9	10.3	5372	3.730136
Maldives	0.701	77	12.7	6.2	10383	4.0163229
Uzbekistan	0.701	69.4	12.2	12	5748	3.7595168
Moldova (Republic of)	0.699	71.7	11.8	11.9	5026	3.7012225
Botswana	0.698	64.5	12.6	9.2	14663	4.1662228
Gabon	0.697	64.9	12.6	8.1	19044	4.2797582
Paraguay	0.693	73	12.3	8.1	8182	3.9128595
Egypt	0.691	71.3	13.1	7.1	10064	4.0027706
Turkmenistan	0.691	65.7	10.8	9.9	14026	4.1469338
Indonesia	0.689	69.1	12.9	7.9	10053	4.0022957
"Palestine, State of"	0.684	73.1	12.8	8.9	5256	3.7206554
Viet Nam	0.683	75.9	12.6	8	5335	3.7271344
Philippines	0.682	68.3	11.7	9.3	8395	3.9240207
El Salvador	0.68	73.3	13.2	6.5	7732	3.8882918
Bolivia (Plurinational State of)	0.674	68.7	13.8	8.2	6155	3.7892281
South Africa	0.666	57.7	13	10.3	12087	4.0823185
Kyrgyzstan	0.664	70.8	13	10.8	3097	3.4909412
Iraq	0.649	69.6	10.1	6.6	11608	4.0647574
Cabo Verde	0.648	73.5	13.5	4.8	6049	3.7816836
Morocco	0.647	74.3	12.1	5	7195	3.8570308
Nicaragua	0.645	75.2	11.7	6.5	4747	3.6764192
Guatemala	0.64	72.1	10.7	6.3	7063	3.8489892
Namibia	0.64	65.1	11.7	6.7	9770	3.9898946
Guyana	0.638	66.5	10.3	8.4	6884	3.8378409
Micronesia (Federated States of)	0.638	69.3	11.7	9.7	3291	3.5173279
Tajikistan	0.627	69.6	11.3	10.4	2601	3.4151404
Honduras	0.625	73.3	11.2	6.2	4466	3.6499187
India	0.624	68.3	11.7	6.3	5663	3.7530466
Bhutan	0.607	69.9	12.5	3.1	7081	3.8500946
Timor-Leste	0.605	68.5	12.5	4.4	5371	3.7300552
Vanuatu	0.597	72.1	10.8	6.8	2805	3.4479329
Congo	0.592	62.9	11.1	6.3	5503	3.7405995
Equatorial Guinea	0.592	57.9	9.2	5.5	21517	4.3327817
Kiribati	0.588	66.2	11.9	7.8	2475	3.3935752
Lao People's Democratic Republic	0.586	66.6	10.8	5.2	5049	3.7032054
Bangladesh	0.579	72	10.2	5.2	3341	3.5238765
Ghana	0.579	61.5	11.5	6.9	3839	3.5842181
Zambia	0.579	60.8	12.5	6.9	3464	3.5395779
Sao Tome and Principe	0.574	66.6	12	5.3	3070	3.4871384
Cambodia	0.563	68.8	10.9	4.7	3095	3.4906607
Nepal	0.558	70	12.2	4.1	2337	3.3686587
Myanmar	0.556	66.1	9.1	4.7	4943	3.6939906
Kenya	0.555	62.2	11.1	6.3	2881	3.4595433
Pakistan	0.55	66.4	8.1	5.1	5031	3.7016543
Swaziland	0.541	48.9	11.4	6.8	7522	3.8763333
Syrian Arab Republic	0.536	69.7	9	5.1	2441	3.3875678
Angola	0.533	52.7	11.4	5	6291	3.7987197
Tanzania (United Republic of)	0.531	65.5	8.9	5.8	2467	3.3921691
Nigeria	0.527	53.1	10	6	5443	3.7358383
Cameroon	0.518	56	10.4	6.1	2894	3.4614985
Papua New Guinea	0.516	62.8	9.9	4.3	2712	3.4332897
Zimbabwe	0.516	59.2	10.3	7.7	1588	3.2008505
Solomon Islands	0.515	68.1	9.6	5.3	1561	3.1934029
Mauritania	0.513	63.2	8.5	4.3	3527	3.5474055
Madagascar	0.512	65.5	10.3	6.1	1320	3.1205739
Rwanda	0.498	64.7	10.8	3.8	1617	3.20871
Comoros	0.497	63.6	11.1	4.8	1335	3.1254813
Lesotho	0.497	50.1	10.7	6.1	3319	3.5210073
Senegal	0.494	66.9	9.5	2.8	2250	3.3521825
Haiti	0.493	63.1	9.1	5.2	1657	3.2193225
Uganda	0.493	59.2	10	5.7	1670	3.2227165
Sudan	0.49	63.7	7.2	3.5	3846	3.5850093
Togo	0.487	60.2	12	4.7	1262	3.1010594
Benin	0.485	59.8	10.7	3.5	1979	3.2964458
Yemen	0.482	64.1	9	3	2300	3.3617278
Afghanistan	0.479	60.7	10.1	3.6	1871	3.2720738
Malawi	0.476	63.9	10.8	4.4	1073	3.0305997
Cte d'Ivoire	0.474	51.9	8.9	5	3163	3.5000992
Djibouti	0.473	62.3	6.3	4.1	3216	3.507316
Gambia	0.452	60.5	8.9	3.3	1541	3.1878026
Ethiopia	0.448	64.6	8.4	2.6	1523	3.1826999
Mali	0.442	58.5	8.4	2.3	2218	3.3459615
Congo (Democratic Republic of the)	0.435	59.1	9.8	6.1	680	2.8325089
Liberia	0.427	61.2	9.9	4.4	683	2.8344207
Guinea-Bissau	0.424	55.5	9.2	2.9	1369	3.1364034
Eritrea	0.42	64.2	5	3.9	1490	3.1731863
Sierra Leone	0.42	51.3	9.5	3.3	1529	3.1844075
Mozambique	0.418	55.5	9.1	3.5	1098	3.0406023
South Sudan	0.418	56.1	4.9	4.8	1882	3.2746196
Guinea	0.414	59.2	8.8	2.6	1058	3.0244857
Burundi	0.404	57.1	10.6	3	691	2.839478
Burkina Faso	0.402	59	7.7	1.4	1537	3.1866739
Chad	0.396	51.9	7.3	2.3	1991	3.2990713
Niger	0.353	61.9	5.4	1.7	889	2.9489018
Central African Republic	0.352	51.5	7.1	4.2	587	2.7686381